<?xml version="1.0" encoding="UTF-8" standalone="no" ?>
<SimscapeMultibodyImportXML version="2.0" xmlns="urn:mathworks:SimscapeMultibody:import" xmlns:xsi="http://www.w3.org/2001/XMLSchema-instance">
<Created by="" on="02/29/24||22:19:21" using="Simscape Multibody Link Version 6.1" from="SolidWorks 30.0.0"/>
<ModelUnits mass="kilogram" length="millimeter"/>
<DataUnits mass="kilogram" length="meter"/>
<RootAssembly name="arm" uid="arm" version="330">
<AssemblyFile name="arm.SLDASM" type="SolidWorks Assembly"/>
<InstanceTree>
<Instance name="Assem4-1" uid="Assem4-1" entityUid="Assem4" rigid="true">
<Transform>
<Rotation>-0.0042728226031113229 0.99999064132010373 -0.00067842406368002095 0.1568122425814398 3.2077476525699256e-16 -0.98762843244642362 -0.98761918954806782 -0.0043263462884793619 -0.15681077502585772</Rotation>
<Translation>0.48909688130743839 0.48611847647591616 0.1549444107390224</Translation>
</Transform>
<Instance name="Tapa 3M1C-1" uid="Tapa 3M1C-1" entityUid="Tapa 3M1C*:*Predeterminado">
<Transform>
<Rotation>0.49999999999999795 0 -0.86602540378443982 -8.6607871896317982e-08 -0.999999999999995 -5.0003078151663095e-08 -0.86602540378443549 1.0000615630575126e-07 -0.49999999999999545</Rotation>
<Translation>-0.10490669343192631 -0.21845168673308785 -0.33229576663331295</Translation>
</Transform>
</Instance>
<Instance name="Smooth bar 8mm x 121mm-2" uid="Smooth bar 8mm x 121mm-2" entityUid="Smooth bar 8mm x 121mm*:*Predeterminado">
<Transform>
<Rotation>0 0 -1 0 1 0 1 0 0</Rotation>
<Translation>-0.10490669343192636 -0.21745168030669254 -0.3322957727336886</Translation>
</Transform>
</Instance>
<Instance name="2M2HA-1" uid="2M2HA-1" grounded="true" entityUid="2M2HA*:*Predeterminado">
<Transform>
<Rotation>1 0 0 0 1 0 0 0 1</Rotation>
<Translation>-0.10490578072845232 -0.15745578697375945 -0.11117197993012418</Translation>
</Transform>
</Instance>
<Instance name="3M1D-1" uid="3M1D-1" entityUid="3M1D*:*Predeterminado">
<Transform>
<Rotation>0 0 -1 1 0 0 0 -1 0</Rotation>
<Translation>-0.15240669343192637 -0.22245168030669255 -0.18969577273368865</Translation>
</Transform>
</Instance>
<Instance name="Nema 17 Reductor-1" uid="Nema 17 Reductor-1" entityUid="Nema 17 Reductor*:*Predeterminado">
<Transform>
<Rotation>-4.163336342344336e-16 1 0 4.5493123157491756e-16 0 -1 -1 -4.163336342344337e-16 -4.5493123157491756e-16</Rotation>
<Translation>-0.10490669343192642 -0.13865168030669256 -0.21969577273368857</Translation>
</Transform>
</Instance>
<Instance name="2M2MA-2" uid="2M2MA-2" entityUid="2M2MA*:*Predeterminado">
<Transform>
<Rotation>-1 0 0 0 -1 0 0 0 1</Rotation>
<Translation>-0.10490578072845229 -0.15745578697375945 -0.11117197993012429</Translation>
</Transform>
</Instance>
<Instance name="Tapa 3M1C-2" uid="Tapa 3M1C-2" entityUid="Tapa 3M1C*:*Predeterminado">
<Transform>
<Rotation>1 0 0 0 1 0 0 0 1</Rotation>
<Translation>-0.10490669343192631 -0.096451680306692544 -0.33229577273368871</Translation>
</Transform>
</Instance>
<Instance name="Pulley 8mm IGNIS-1" uid="Pulley 8mm IGNIS-1" entityUid="Pulley 8mm IGNIS*:*Predeterminado">
<Transform>
<Rotation>0.89320669737313274 0 0.44964630073845918 0 1 0 -0.44964630073845918 0 0.89320669737313274</Rotation>
<Translation>-0.10490669343192636 -0.18595168030669257 -0.21969577273368857</Translation>
</Transform>
</Instance>
</Instance>
<Instance name="Assem7-1" uid="Assem7-1" entityUid="Assem7" rigid="true">
<Transform>
<Rotation>-0.015945761438766196 -5.2890472911944295e-05 -0.99987285686467953 0.012222693579032641 0.99992526938157755 -0.00024781818470558174 0.99979814885496321 -0.012225091197102446 -0.015943923338109005</Rotation>
<Translation>0.4239785987367124 0.90738712162908508 0.25645685861805806</Translation>
</Transform>
<Instance name="Barra llisa 8mm x 80mm-1" visible="false" uid="Barra llisa 8mm x 80mm-1" entityUid="Barra llisa 8mm x 80mm*:*Predeterminado">
<Transform>
<Rotation>0 0 1 1 0 0 0 1 0</Rotation>
<Translation>0.05498063529734587 0.11230752364550778 0.050048815202385355</Translation>
</Transform>
</Instance>
<Instance name="Tapa 4M1D-1" uid="Tapa 4M1D-1" entityUid="Tapa 4M1D*:*Predeterminado">
<Transform>
<Rotation>1 0 6.6786853825107073e-16 6.6266436782314031e-16 -2.5009833613809374e-16 -1 0 1 -2.5001702097515732e-16</Rotation>
<Translation>0.05498063529734587 0.11230752364550778 0.13004881520238537</Translation>
</Transform>
</Instance>
<Instance name="4M1D-1" uid="4M1D-1" grounded="true" entityUid="4M1D*:*Predeterminado">
<Transform>
<Rotation>1 0 0 0 1 0 0 0 1</Rotation>
<Translation>0.0049806352973458812 0.017307523645507694 0.045048815202385295</Translation>
</Transform>
</Instance>
<Instance name="Nema 14-1" uid="Nema 14-1" entityUid="Nema 14*:*CAD X Right">
<Transform>
<Rotation>1 0 0 0 0 1 0 -1 0</Rotation>
<Translation>0.056128770178490606 0.053807523645507782 0.13004881520238532</Translation>
</Transform>
</Instance>
<Instance name="Pulley M5-1" uid="Pulley M5-1" entityUid="Pulley M5*:*Predeterminado">
<Transform>
<Rotation>0 0 1 0 1 0 -1 0 0</Rotation>
<Translation>0.05612877017849055 0.053807523645507782 0.099148815202405649</Translation>
</Transform>
</Instance>
<Instance name="Tapa 4M1D-3" uid="Tapa 4M1D-3" entityUid="Tapa 4M1D*:*Predeterminado">
<Transform>
<Rotation>0.51039615554810969 0 0.85993939577258016 -0.85993939577258005 0 0.51039615554810969 0 -1 0</Rotation>
<Translation>0.05498063529734587 0.11230752364550778 0.050048815202385299</Translation>
</Transform>
</Instance>
</Instance>
<Instance name="Assem1-1" uid="Assem1-1" grounded="true" entityUid="Assem1" rigid="true">
<Transform>
<Rotation>1 0 0 0 1 0 0 0 1</Rotation>
<Translation>0.032513161968893201 0.015807800199979738 -0.048318393153465367</Translation>
</Transform>
<Instance name="1M2A-1" uid="1M2A-1" entityUid="1M2A*:*Predeterminado">
<Transform>
<Rotation>-0.92387953251128907 0 -0.38268343236508429 0 1 0 0.38268343236508429 0 -0.92387953251128907</Rotation>
<Translation>0.30040306446156412 0.33315677381051112 0.3249806938682881</Translation>
</Transform>
</Instance>
<Instance name="Base assembly-1" uid="Base assembly-1" grounded="true" entityUid="Base assembly" rigid="true">
<Transform>
<Rotation>1 0 0 0 1 0 0 0 1</Rotation>
<Translation>0.30100556593586714 0.31582174631719473 0.13021593550429006</Translation>
</Transform>
<Instance name="Potes base B-2" uid="Potes base B-2" entityUid="Potes base B*:*Predeterminado">
<Transform>
<Rotation>1 0 0 0 1 0 0 0 1</Rotation>
<Translation>-0.29060225983827831 -0.062664972506683625 0.060000000000022757</Translation>
</Transform>
</Instance>
<Instance name="Base fusta-1" uid="Base fusta-1" grounded="true" entityUid="Base fusta*:*Predeterminado">
<Transform>
<Rotation>1 0 0 0 1 0 0 0 1</Rotation>
<Translation>-0.27560225983827835 0.0013350274933163764 0.5500000000000228</Translation>
</Transform>
</Instance>
<Instance name="Potes base B-1" uid="Potes base B-1" entityUid="Potes base B*:*Predeterminado">
<Transform>
<Rotation>1.1564823173178717e-16 0 1 0 1 0 -1 0 1.1564823173178717e-16</Rotation>
<Translation>-0.21560225983827835 -0.062664972506683625 0.56500000000002282</Translation>
</Transform>
</Instance>
<Instance name="Potes base B-4" uid="Potes base B-4" entityUid="Potes base B*:*Predeterminado">
<Transform>
<Rotation>-1 0 1.1564823173178717e-16 0 1 0 -1.1564823173178717e-16 0 -1</Rotation>
<Translation>0.28939774016172171 -0.062664972506683625 0.49000000000002275</Translation>
</Transform>
</Instance>
<Instance name="Potes base B-3" uid="Potes base B-3" entityUid="Potes base B*:*Predeterminado">
<Transform>
<Rotation>-1.1564823173178717e-16 0 -1 0 1 0 1 0 -1.1564823173178717e-16</Rotation>
<Translation>0.21439774016172175 -0.062664972506683625 -0.014999999999977226</Translation>
</Transform>
</Instance>
<Instance name="Box Assembly B-1" uid="Box Assembly B-1" entityUid="Box Assembly B" rigid="true">
<Transform>
<Rotation>1 0 0 0 1 0 0 0 1</Rotation>
<Translation>0.015605502246493264 0.034950956725428584 -0.42999999999996907</Translation>
</Transform>
<Instance name="Drivers Support Assembly B-1" uid="Drivers Support Assembly B-1" grounded="true" entityUid="Drivers Support Assembly B" rigid="true">
<Transform>
<Rotation>1 0 0 0 1 0 0 0 1</Rotation>
<Translation>-0.0090945852397389948 -0.019863176845030805 0.25999999999999091</Translation>
</Transform>
<Instance name="Driver-6" uid="Driver-6" entityUid="Driver" rigid="true">
<Transform>
<Rotation>0 -1 0 0 0 1 -1 0 0</Rotation>
<Translation>-0.046141081233434689 -0.020752752387104223 0.21795991219530159</Translation>
</Transform>
<Instance name="Capacitor 1-1" visible="false" uid="Capacitor 1-1" entityUid="Capacitor 1*:*Predeterminado">
<Transform>
<Rotation>-0.83716910433122238 0 -0.54694413860398872 0 -1 0 -0.54694413860398872 0 0.83716910433122238</Rotation>
<Translation>0.025909912195300727 0.0039720956115979478 0.030500000000022731</Translation>
</Transform>
</Instance>
<Instance name="Sink-1" visible="false" uid="Sink-1" entityUid="Sink*:*Predeterminado">
<Transform>
<Rotation>-3.4694469519536142e-16 0 -1 0 1 0 1 0 -3.4694469519536142e-16</Rotation>
<Translation>-0.0085900878046992757 0.0094720956115979527 0.025000000000022726</Translation>
</Transform>
</Instance>
<Instance name="Terminal-2" visible="false" uid="Terminal-2" entityUid="Terminal*:*Predeterminado">
<Transform>
<Rotation>0 0 -1.0000000000000002 0 -1 0 -1.0000000000000002 0 0</Rotation>
<Translation>-0.037090087804699273 0.0039720956115979478 0.065000000000022762</Translation>
</Transform>
</Instance>
<Instance name="Capacitor 2-1" visible="false" uid="Capacitor 2-1" entityUid="Capacitor 2*:*Predeterminado">
<Transform>
<Rotation>-0.83716910433122238 0 -0.54694413860398872 0 -1 0 -0.54694413860398872 0 0.83716910433122238</Rotation>
<Translation>-9.0087804699268137e-05 0.0039720956115979478 0.028500000000022729</Translation>
</Transform>
</Instance>
<Instance name="PCB TB6560-1" visible="false" uid="PCB TB6560-1" grounded="true" entityUid="PCB TB6560*:*Predeterminado">
<Transform>
<Rotation>1 0 0 0 1 0 0 0 1</Rotation>
<Translation>-0.037090087804699245 0.0034720956115979473 0.075000000000022771</Translation>
</Transform>
</Instance>
<Instance name="Chip-1" visible="false" uid="Chip-1" entityUid="Chip*:*Predeterminado">
<Transform>
<Rotation>-3.3861802251067274e-15 0 -1.0000000000000002 0 -1 0 -1.0000000000000002 0 3.3861802251067274e-15</Rotation>
<Translation>0.010909912195300964 0.0094720956115979527 0.068000000000022764</Translation>
</Transform>
</Instance>
<Instance name="Terminal-1" visible="false" uid="Terminal-1" entityUid="Terminal*:*Predeterminado">
<Transform>
<Rotation>7.2164496600635175e-16 0 1.0000000000000002 0 -1 0 1.0000000000000002 0 -7.2164496600635175e-16</Rotation>
<Translation>0.037909912195300724 0.0039720956115979478 0.035000000000022735</Translation>
</Transform>
</Instance>
</Instance>
<Instance name="Driver-2" uid="Driver-2" entityUid="Driver" rigid="true">
<Transform>
<Rotation>0 -1 0 0 0 1 -1 0 0</Rotation>
<Translation>-0.0091410812334347114 -0.020752752387104223 0.2173599121953016</Translation>
</Transform>
<Instance name="Capacitor 1-1" visible="false" uid="Capacitor 1-1" entityUid="Capacitor 1*:*Predeterminado">
<Transform>
<Rotation>-0.83716910433122238 0 -0.54694413860398872 0 -1 0 -0.54694413860398872 0 0.83716910433122238</Rotation>
<Translation>0.025909912195300727 0.0039720956115979478 0.030500000000022731</Translation>
</Transform>
</Instance>
<Instance name="Sink-1" visible="false" uid="Sink-1" entityUid="Sink*:*Predeterminado">
<Transform>
<Rotation>-3.4694469519536142e-16 0 -1 0 1 0 1 0 -3.4694469519536142e-16</Rotation>
<Translation>-0.0085900878046992757 0.0094720956115979527 0.025000000000022726</Translation>
</Transform>
</Instance>
<Instance name="Terminal-2" visible="false" uid="Terminal-2" entityUid="Terminal*:*Predeterminado">
<Transform>
<Rotation>0 0 -1.0000000000000002 0 -1 0 -1.0000000000000002 0 0</Rotation>
<Translation>-0.037090087804699273 0.0039720956115979478 0.065000000000022762</Translation>
</Transform>
</Instance>
<Instance name="Capacitor 2-1" visible="false" uid="Capacitor 2-1" entityUid="Capacitor 2*:*Predeterminado">
<Transform>
<Rotation>-0.83716910433122238 0 -0.54694413860398872 0 -1 0 -0.54694413860398872 0 0.83716910433122238</Rotation>
<Translation>-9.0087804699268137e-05 0.0039720956115979478 0.028500000000022729</Translation>
</Transform>
</Instance>
<Instance name="PCB TB6560-1" visible="false" uid="PCB TB6560-1" grounded="true" entityUid="PCB TB6560*:*Predeterminado">
<Transform>
<Rotation>1 0 0 0 1 0 0 0 1</Rotation>
<Translation>-0.037090087804699245 0.0034720956115979473 0.075000000000022771</Translation>
</Transform>
</Instance>
<Instance name="Chip-1" visible="false" uid="Chip-1" entityUid="Chip*:*Predeterminado">
<Transform>
<Rotation>-3.3861802251067274e-15 0 -1.0000000000000002 0 -1 0 -1.0000000000000002 0 3.3861802251067274e-15</Rotation>
<Translation>0.010909912195300964 0.0094720956115979527 0.068000000000022764</Translation>
</Transform>
</Instance>
<Instance name="Terminal-1" visible="false" uid="Terminal-1" entityUid="Terminal*:*Predeterminado">
<Transform>
<Rotation>7.2164496600635175e-16 0 1.0000000000000002 0 -1 0 1.0000000000000002 0 -7.2164496600635175e-16</Rotation>
<Translation>0.037909912195300724 0.0039720956115979478 0.035000000000022735</Translation>
</Transform>
</Instance>
</Instance>
<Instance name="Driver-5" uid="Driver-5" entityUid="Driver" rigid="true">
<Transform>
<Rotation>0 -1 0 0 0 1 -1 0 0</Rotation>
<Translation>0.10185891876656522 -0.020752752387104223 0.2173599121953016</Translation>
</Transform>
<Instance name="Capacitor 1-1" visible="false" uid="Capacitor 1-1" entityUid="Capacitor 1*:*Predeterminado">
<Transform>
<Rotation>-0.83716910433122238 0 -0.54694413860398872 0 -1 0 -0.54694413860398872 0 0.83716910433122238</Rotation>
<Translation>0.025909912195300727 0.0039720956115979478 0.030500000000022731</Translation>
</Transform>
</Instance>
<Instance name="Sink-1" visible="false" uid="Sink-1" entityUid="Sink*:*Predeterminado">
<Transform>
<Rotation>-3.4694469519536142e-16 0 -1 0 1 0 1 0 -3.4694469519536142e-16</Rotation>
<Translation>-0.0085900878046992757 0.0094720956115979527 0.025000000000022726</Translation>
</Transform>
</Instance>
<Instance name="Terminal-2" visible="false" uid="Terminal-2" entityUid="Terminal*:*Predeterminado">
<Transform>
<Rotation>0 0 -1.0000000000000002 0 -1 0 -1.0000000000000002 0 0</Rotation>
<Translation>-0.037090087804699273 0.0039720956115979478 0.065000000000022762</Translation>
</Transform>
</Instance>
<Instance name="Capacitor 2-1" visible="false" uid="Capacitor 2-1" entityUid="Capacitor 2*:*Predeterminado">
<Transform>
<Rotation>-0.83716910433122238 0 -0.54694413860398872 0 -1 0 -0.54694413860398872 0 0.83716910433122238</Rotation>
<Translation>-9.0087804699268137e-05 0.0039720956115979478 0.028500000000022729</Translation>
</Transform>
</Instance>
<Instance name="PCB TB6560-1" visible="false" uid="PCB TB6560-1" grounded="true" entityUid="PCB TB6560*:*Predeterminado">
<Transform>
<Rotation>1 0 0 0 1 0 0 0 1</Rotation>
<Translation>-0.037090087804699245 0.0034720956115979473 0.075000000000022771</Translation>
</Transform>
</Instance>
<Instance name="Chip-1" visible="false" uid="Chip-1" entityUid="Chip*:*Predeterminado">
<Transform>
<Rotation>-3.3861802251067274e-15 0 -1.0000000000000002 0 -1 0 -1.0000000000000002 0 3.3861802251067274e-15</Rotation>
<Translation>0.010909912195300964 0.0094720956115979527 0.068000000000022764</Translation>
</Transform>
</Instance>
<Instance name="Terminal-1" visible="false" uid="Terminal-1" entityUid="Terminal*:*Predeterminado">
<Transform>
<Rotation>7.2164496600635175e-16 0 1.0000000000000002 0 -1 0 1.0000000000000002 0 -7.2164496600635175e-16</Rotation>
<Translation>0.037909912195300724 0.0039720956115979478 0.035000000000022735</Translation>
</Transform>
</Instance>
</Instance>
<Instance name="Suport Drivers E-1" visible="false" uid="Suport Drivers E-1" grounded="true" entityUid="Suport Drivers E*:*Predeterminado">
<Transform>
<Rotation>1 0 0 0 1 0 0 0 1</Rotation>
<Translation>-0.12886317684503262 0.0022472476129185015 0.2600000000000009</Translation>
</Transform>
</Instance>
<Instance name="Driver-4" uid="Driver-4" entityUid="Driver" rigid="true">
<Transform>
<Rotation>0 -1 0 0 0 1 -1 0 0</Rotation>
<Translation>0.064858918766565299 -0.020752752387104223 0.21735991219530157</Translation>
</Transform>
<Instance name="Capacitor 1-1" visible="false" uid="Capacitor 1-1" entityUid="Capacitor 1*:*Predeterminado">
<Transform>
<Rotation>-0.83716910433122238 0 -0.54694413860398872 0 -1 0 -0.54694413860398872 0 0.83716910433122238</Rotation>
<Translation>0.025909912195300727 0.0039720956115979478 0.030500000000022731</Translation>
</Transform>
</Instance>
<Instance name="Sink-1" visible="false" uid="Sink-1" entityUid="Sink*:*Predeterminado">
<Transform>
<Rotation>-3.4694469519536142e-16 0 -1 0 1 0 1 0 -3.4694469519536142e-16</Rotation>
<Translation>-0.0085900878046992757 0.0094720956115979527 0.025000000000022726</Translation>
</Transform>
</Instance>
<Instance name="Terminal-2" visible="false" uid="Terminal-2" entityUid="Terminal*:*Predeterminado">
<Transform>
<Rotation>0 0 -1.0000000000000002 0 -1 0 -1.0000000000000002 0 0</Rotation>
<Translation>-0.037090087804699273 0.0039720956115979478 0.065000000000022762</Translation>
</Transform>
</Instance>
<Instance name="Capacitor 2-1" visible="false" uid="Capacitor 2-1" entityUid="Capacitor 2*:*Predeterminado">
<Transform>
<Rotation>-0.83716910433122238 0 -0.54694413860398872 0 -1 0 -0.54694413860398872 0 0.83716910433122238</Rotation>
<Translation>-9.0087804699268137e-05 0.0039720956115979478 0.028500000000022729</Translation>
</Transform>
</Instance>
<Instance name="PCB TB6560-1" visible="false" uid="PCB TB6560-1" grounded="true" entityUid="PCB TB6560*:*Predeterminado">
<Transform>
<Rotation>1 0 0 0 1 0 0 0 1</Rotation>
<Translation>-0.037090087804699273 0.0034720956115979473 0.075000000000022771</Translation>
</Transform>
</Instance>
<Instance name="Chip-1" visible="false" uid="Chip-1" entityUid="Chip*:*Predeterminado">
<Transform>
<Rotation>-3.3861802251067274e-15 0 -1.0000000000000002 0 -1 0 -1.0000000000000002 0 3.3861802251067274e-15</Rotation>
<Translation>0.010909912195300964 0.0094720956115979527 0.068000000000022764</Translation>
</Transform>
</Instance>
<Instance name="Terminal-1" visible="false" uid="Terminal-1" entityUid="Terminal*:*Predeterminado">
<Transform>
<Rotation>7.2164496600635175e-16 0 1.0000000000000002 0 -1 0 1.0000000000000002 0 -7.2164496600635175e-16</Rotation>
<Translation>0.037909912195300724 0.0039720956115979478 0.035000000000022735</Translation>
</Transform>
</Instance>
</Instance>
<Instance name="Driver-3" uid="Driver-3" entityUid="Driver" rigid="true">
<Transform>
<Rotation>0 -1 0 0 0 1 -1 0 0</Rotation>
<Translation>0.027858918766565322 -0.020752752387104223 0.21735991219530157</Translation>
</Transform>
<Instance name="Capacitor 1-1" visible="false" uid="Capacitor 1-1" entityUid="Capacitor 1*:*Predeterminado">
<Transform>
<Rotation>-0.83716910433122238 0 -0.54694413860398872 0 -1 0 -0.54694413860398872 0 0.83716910433122238</Rotation>
<Translation>0.025909912195300727 0.0039720956115979478 0.030500000000022731</Translation>
</Transform>
</Instance>
<Instance name="Sink-1" visible="false" uid="Sink-1" entityUid="Sink*:*Predeterminado">
<Transform>
<Rotation>-3.4694469519536142e-16 0 -1 0 1 0 1 0 -3.4694469519536142e-16</Rotation>
<Translation>-0.0085900878046992757 0.0094720956115979527 0.025000000000022726</Translation>
</Transform>
</Instance>
<Instance name="Terminal-2" visible="false" uid="Terminal-2" entityUid="Terminal*:*Predeterminado">
<Transform>
<Rotation>0 0 -1.0000000000000002 0 -1 0 -1.0000000000000002 0 0</Rotation>
<Translation>-0.037090087804699273 0.0039720956115979478 0.065000000000022762</Translation>
</Transform>
</Instance>
<Instance name="Capacitor 2-1" visible="false" uid="Capacitor 2-1" entityUid="Capacitor 2*:*Predeterminado">
<Transform>
<Rotation>-0.83716910433122238 0 -0.54694413860398872 0 -1 0 -0.54694413860398872 0 0.83716910433122238</Rotation>
<Translation>-9.0087804699268137e-05 0.0039720956115979478 0.028500000000022729</Translation>
</Transform>
</Instance>
<Instance name="PCB TB6560-1" visible="false" uid="PCB TB6560-1" grounded="true" entityUid="PCB TB6560*:*Predeterminado">
<Transform>
<Rotation>1 0 0 0 1 0 0 0 1</Rotation>
<Translation>-0.037090087804699273 0.0034720956115979473 0.075000000000022771</Translation>
</Transform>
</Instance>
<Instance name="Chip-1" visible="false" uid="Chip-1" entityUid="Chip*:*Predeterminado">
<Transform>
<Rotation>-3.3861802251067274e-15 0 -1.0000000000000002 0 -1 0 -1.0000000000000002 0 3.3861802251067274e-15</Rotation>
<Translation>0.010909912195300964 0.0094720956115979527 0.068000000000022764</Translation>
</Transform>
</Instance>
<Instance name="Terminal-1" visible="false" uid="Terminal-1" entityUid="Terminal*:*Predeterminado">
<Transform>
<Rotation>7.2164496600635175e-16 0 1.0000000000000002 0 -1 0 1.0000000000000002 0 -7.2164496600635175e-16</Rotation>
<Translation>0.037909912195300724 0.0039720956115979478 0.035000000000022735</Translation>
</Transform>
</Instance>
</Instance>
<Instance name="Driver-1" uid="Driver-1" entityUid="Driver" rigid="true">
<Transform>
<Rotation>0 -1 0 0 0 1 -1 0 0</Rotation>
<Translation>-0.083141081233434666 -0.020752752387104223 0.21795991219530164</Translation>
</Transform>
<Instance name="Capacitor 1-1" visible="false" uid="Capacitor 1-1" entityUid="Capacitor 1*:*Predeterminado">
<Transform>
<Rotation>-0.83716910433122238 0 -0.54694413860398872 0 -1 0 -0.54694413860398872 0 0.83716910433122238</Rotation>
<Translation>0.025909912195300727 0.0039720956115979478 0.030500000000022731</Translation>
</Transform>
</Instance>
<Instance name="Sink-1" visible="false" uid="Sink-1" entityUid="Sink*:*Predeterminado">
<Transform>
<Rotation>-3.4694469519536142e-16 0 -1 0 1 0 1 0 -3.4694469519536142e-16</Rotation>
<Translation>-0.0085900878046992757 0.0094720956115979527 0.025000000000022726</Translation>
</Transform>
</Instance>
<Instance name="Terminal-2" visible="false" uid="Terminal-2" entityUid="Terminal*:*Predeterminado">
<Transform>
<Rotation>0 0 -1.0000000000000002 0 -1 0 -1.0000000000000002 0 0</Rotation>
<Translation>-0.037090087804699273 0.0039720956115979478 0.065000000000022762</Translation>
</Transform>
</Instance>
<Instance name="Capacitor 2-1" visible="false" uid="Capacitor 2-1" entityUid="Capacitor 2*:*Predeterminado">
<Transform>
<Rotation>-0.83716910433122238 0 -0.54694413860398872 0 -1 0 -0.54694413860398872 0 0.83716910433122238</Rotation>
<Translation>-9.0087804699268137e-05 0.0039720956115979478 0.028500000000022729</Translation>
</Transform>
</Instance>
<Instance name="PCB TB6560-1" visible="false" uid="PCB TB6560-1" grounded="true" entityUid="PCB TB6560*:*Predeterminado">
<Transform>
<Rotation>1 0 0 0 1 0 0 0 1</Rotation>
<Translation>-0.037090087804699245 0.0034720956115979473 0.075000000000022771</Translation>
</Transform>
</Instance>
<Instance name="Chip-1" visible="false" uid="Chip-1" entityUid="Chip*:*Predeterminado">
<Transform>
<Rotation>-3.3861802251067274e-15 0 -1.0000000000000002 0 -1 0 -1.0000000000000002 0 3.3861802251067274e-15</Rotation>
<Translation>0.010909912195300964 0.0094720956115979527 0.068000000000022764</Translation>
</Transform>
</Instance>
<Instance name="Terminal-1" visible="false" uid="Terminal-1" entityUid="Terminal*:*Predeterminado">
<Transform>
<Rotation>7.2164496600635175e-16 0 1.0000000000000002 0 -1 0 1.0000000000000002 0 -7.2164496600635175e-16</Rotation>
<Translation>0.037909912195300724 0.0039720956115979478 0.035000000000022735</Translation>
</Transform>
</Instance>
</Instance>
</Instance>
<Instance name="Box C-1" visible="false" uid="Box C-1" entityUid="Box C*:*Predeterminado">
<Transform>
<Rotation>-1 0 0 0 1 0 0 -2.2204460492503131e-16 -1</Rotation>
<Translation>0.12304223791522839 -0.017615929232112248 0.43399999999999184</Translation>
</Transform>
</Instance>
<Instance name="Module Fan Assembly-1" uid="Module Fan Assembly-1" entityUid="Module Fan Assembly" rigid="true">
<Transform>
<Rotation>0 -1 0 -2.1350442781253008e-16 0 -1 1 0 -2.1350442781253008e-16</Rotation>
<Translation>-0.15886446910237029 0.076384070767903434 0.47345006751042051</Translation>
</Transform>
<Instance name="Fan-1" visible="false" uid="Fan-1" entityUid="Fan*:*Predeterminado">
<Transform>
<Rotation>-1 0 0 0 -1 0 0 0 1</Rotation>
<Translation>0.044049932489571231 0.012593292982401333 0.093000000000015792</Translation>
</Transform>
</Instance>
<Instance name="Fan Module-1" visible="false" uid="Fan Module-1" grounded="true" entityUid="Fan Module*:*Predeterminado">
<Transform>
<Rotation>1 0 0 0 1 0 0 0 1</Rotation>
<Translation>-0.036950067510428744 -0.014406707017598663 0.095000000000015794</Translation>
</Transform>
</Instance>
</Instance>
<Instance name="M3x35-2" visible="false" uid="M3x35-2" entityUid="M3x35*:*Predeterminado">
<Transform>
<Rotation>0 1 0 -0.62605483343513635 0 -0.77977903635100643 -0.77977903635100643 0 0.62605483343513635</Rotation>
<Translation>-0.17595776208477162 -0.012115929232112299 0.44199999999999179</Translation>
</Transform>
</Instance>
<Instance name="M3x35-3" visible="false" uid="M3x35-3" entityUid="M3x35*:*Predeterminado">
<Transform>
<Rotation>0 1 0 -0.62605483343513635 0 -0.77977903635100643 -0.77977903635100643 0 0.62605483343513635</Rotation>
<Translation>-0.17595776208477162 -0.012115929232112355 0.5129999999999918</Translation>
</Transform>
</Instance>
<Instance name="M3x35-4" visible="false" uid="M3x35-4" entityUid="M3x35*:*Predeterminado">
<Transform>
<Rotation>0 1 0 -0.62605483343513635 0 -0.77977903635100643 -0.77977903635100643 0 0.62605483343513635</Rotation>
<Translation>-0.17595776208477162 0.058884070767887653 0.44199999999999179</Translation>
</Transform>
</Instance>
<Instance name="M3x35-1" visible="false" uid="M3x35-1" entityUid="M3x35*:*Predeterminado">
<Transform>
<Rotation>0 1 0 -0.62605483343513635 0 -0.77977903635100643 -0.77977903635100643 0 0.62605483343513635</Rotation>
<Translation>-0.17595776208477162 0.058884070767887653 0.5129999999999918</Translation>
</Transform>
</Instance>
</Instance>
</Instance>
<Instance name="Nema 17 Llarg-1" uid="Nema 17 Llarg-1" entityUid="Nema 17 Llarg*:*CAD Left">
<Transform>
<Rotation>1 0 0 0 1 0 0 0 1</Rotation>
<Translation>0.15883830609758889 0.33315677381051112 0.3238309355043128</Translation>
</Transform>
</Instance>
<Instance name="Pulley M5-1" uid="Pulley M5-1" entityUid="Pulley M5*:*Predeterminado">
<Transform>
<Rotation>0 -0.0071658876705882691 -0.99997432469733571 1 0 0 0 -0.99997432469733571 0.0071658876705882691</Rotation>
<Translation>0.158838306097589 0.39035677381051115 0.3238309355043128</Translation>
</Transform>
</Instance>
<Instance name="1M3A-1" uid="1M3A-1" entityUid="1M3A*:*Predeterminado">
<Transform>
<Rotation>1 0 0 0 1 0 0 0 1</Rotation>
<Translation>0.1378383060975889 0.33315677381051112 0.34713093550431279</Translation>
</Transform>
</Instance>
</Instance>
<Instance name="Assem3-1" uid="Assem3-1" entityUid="Assem3" rigid="true">
<Transform>
<Rotation>-0.99999064132010362 0 0.0043263462884794244 0 -1 0 0.0043263462884794244 0 0.99999064132010362</Rotation>
<Translation>0.4413088185200974 0.50577709809877835 0.18690895627141119</Translation>
</Transform>
<Instance name="2M1 assembly-1" uid="2M1 assembly-1" entityUid="2M1 assembly" rigid="true">
<Transform>
<Rotation>-1.0000000000000002 0 0 0 -1 0 0 0 1.0000000000000002</Rotation>
<Translation>0.10425096061852585 -0.053167311590419652 0.055900367575851595</Translation>
</Transform>
<Instance name="M5 Lock-6" uid="M5 Lock-6" entityUid="M5 Lock*:*Predeterminado">
<Transform>
<Rotation>0 1 0 0.5000000000000574 0 -0.8660254037844054 -0.8660254037844054 0 -0.5000000000000574</Rotation>
<Translation>-0.05777892110815136 -0.057729835678707153 0.0098331930062527662</Translation>
</Transform>
</Instance>
<Instance name="M5 Lock-8" uid="M5 Lock-8" entityUid="M5 Lock*:*Predeterminado">
<Transform>
<Rotation>0 1 0 0.49253923256753201 0 -0.87029024146073619 -0.87029024146073619 0 -0.49253923256753201</Rotation>
<Translation>-0.057778921108151415 -0.10482983567870713 0.0098331930062527662</Translation>
</Transform>
</Instance>
<Instance name="M5 Lock-1" uid="M5 Lock-1" entityUid="M5 Lock*:*Predeterminado">
<Transform>
<Rotation>0 -1 0 1 0 0 0 0 1</Rotation>
<Translation>0.04872107889184879 -0.057729835678706487 0.0098331930062565964</Translation>
</Transform>
</Instance>
<Instance name="2M1D-1" uid="2M1D-1" grounded="true" entityUid="2M1D*:*Predeterminado">
<Transform>
<Rotation>1 0 0 0 1 0 0 0 1</Rotation>
<Translation>-0.0845289211081513 -0.099479835678707162 0.1133831930062528</Translation>
</Transform>
</Instance>
<Instance name="M5 Lock-5" uid="M5 Lock-5" entityUid="M5 Lock*:*Predeterminado">
<Transform>
<Rotation>0 1 0 -0.49999999999999956 0 -0.86602540378443893 -0.86602540378443893 0 0.49999999999999956</Rotation>
<Translation>-0.05777892110815136 -0.10482983567870713 0.056933193006252797</Translation>
</Transform>
</Instance>
<Instance name="Nema 23-1" uid="Nema 23-1" entityUid="Nema 23*:*Predeterminado">
<Transform>
<Rotation>0 0 -1 0 1 0 1 0 0</Rotation>
<Translation>0.052721078891848794 -0.081279835678707113 0.033383193006252782</Translation>
</Transform>
</Instance>
<Instance name="M5 Lock-3" uid="M5 Lock-3" entityUid="M5 Lock*:*Predeterminado">
<Transform>
<Rotation>0 -1 0 0.49999999999999956 0 -0.86602540378443882 0.86602540378443882 0 0.49999999999999956</Rotation>
<Translation>0.048721078891848846 -0.10482983567870713 0.056933193006252852</Translation>
</Transform>
</Instance>
<Instance name="M5 Lock-2" uid="M5 Lock-2" entityUid="M5 Lock*:*Predeterminado">
<Transform>
<Rotation>0 -1.0000000000000002 0 0.99991361574249615 0 -0.013143859888475152 0.013143859888475154 0 0.99991361574249638</Rotation>
<Translation>0.04872107889184879 -0.057729835678707153 0.056933193006252852</Translation>
</Transform>
</Instance>
<Instance name="Smooth bar 8mm x 140mm-1" uid="Smooth bar 8mm x 140mm-1" entityUid="Smooth bar 8mm x 140mm*:*Predeterminado">
<Transform>
<Rotation>0 -1 0 1 0 0 0 0 1</Rotation>
<Translation>0.065471078891848833 0.020520164321292889 0.033383193006252782</Translation>
</Transform>
</Instance>
<Instance name="Brass insert M3-8" visible="false" uid="Brass insert M3-8" entityUid="Brass insert M3*:*Predeterminado">
<Transform>
<Rotation>0 1 4.8312048805954058e-16 -1 0 4.8334354533154437e-16 4.8334354533154437e-16 -4.8312048805954058e-16 1</Rotation>
<Translation>-0.076528921108151238 0.031770164321292982 0.013897621421102985</Translation>
</Transform>
</Instance>
<Instance name="M5 Lock-4" uid="M5 Lock-4" entityUid="M5 Lock*:*Predeterminado">
<Transform>
<Rotation>0 -1 0 0.49253923256753224 0 0.87029024146073608 -0.87029024146073608 0 0.49253923256753224</Rotation>
<Translation>0.04872107889184879 -0.10482983567870713 0.0098331930062527662</Translation>
</Transform>
</Instance>
<Instance name="M5 Lock-7" uid="M5 Lock-7" entityUid="M5 Lock*:*Predeterminado">
<Transform>
<Rotation>0 1 0 0.5113397244384511 0 -0.85937866287871545 -0.85937866287871545 0 -0.5113397244384511</Rotation>
<Translation>-0.05777892110815136 -0.057729835678707153 0.056933193006252797</Translation>
</Transform>
</Instance>
<Instance name="Tensor D-2" uid="Tensor D-2" entityUid="Tensor D" rigid="true">
<Transform>
<Rotation>0 1.0000000000000002 -4.4007766181186625e-16 -0.13316797259623914 -4.4408920985007672e-16 -0.99109348251040741 -0.99109348251040763 0 0.13316797259623916</Rotation>
<Translation>-0.040143492637084111 -0.048873633037365694 0.056822980052665256</Translation>
</Transform>
<Instance name="Arandela-1" uid="Arandela-1" entityUid="Arandela*:*Predeterminado">
<Transform>
<Rotation>1 0 0 0 1 0 0 0 1</Rotation>
<Translation>0.005866065644262286 -0.0096354284710671312 0.0014999999999718572</Translation>
</Transform>
</Instance>
<Instance name="Bearing 4Bore 13Ext 5-3" uid="Bearing 4Bore 13Ext 5-3" entityUid="Bearing 4Bore 13Ext 5*:*Predeterminado">
<Transform>
<Rotation>1 0 0 0 1 0 0 0 1</Rotation>
<Translation>0.0058660656442622305 0.00096457152893281162 0.0014999999999718572</Translation>
</Transform>
</Instance>
<Instance name="M3 Nut-1" uid="M3 Nut-1" entityUid="M3 Nut*:*Predeterminado">
<Transform>
<Rotation>0.97860401351433135 0 -0.20575272715967255 0 1 0 0.20575272715967249 0 0.97860401351433113</Rotation>
<Translation>0.0079355262507114777 0.0079645715289328178 0.031499999999971828</Translation>
</Transform>
</Instance>
<Instance name="M4x20-1" uid="M4x20-1" entityUid="M4x20*:*Predeterminado">
<Transform>
<Rotation>1 0 0 0 1 0 0 0 1</Rotation>
<Translation>0.0058660656442622305 0.0084645715289328738 0.0014999999999718017</Translation>
</Transform>
</Instance>
<Instance name="T2M1BD-1" uid="T2M1BD-1" grounded="true" entityUid="T2M1BD*:*Predeterminado">
<Transform>
<Rotation>1 0 0 0 1 0 0 0 1</Rotation>
<Translation>-0.01581100529569951 -0.011535428471067199 0.041499999999971893</Translation>
</Transform>
</Instance>
<Instance name="Bearing 4Bore 13Ext 5-1" uid="Bearing 4Bore 13Ext 5-1" entityUid="Bearing 4Bore 13Ext 5*:*Predeterminado">
<Transform>
<Rotation>1 0 0 0 1 0 0 0 1</Rotation>
<Translation>0.0058660656442622305 -0.0090354284710671418 0.0014999999999718572</Translation>
</Transform>
</Instance>
<Instance name="Bearing 4Bore 13Ext 5-2" uid="Bearing 4Bore 13Ext 5-2" entityUid="Bearing 4Bore 13Ext 5*:*Predeterminado">
<Transform>
<Rotation>1 0 0 0 1 0 0 0 1</Rotation>
<Translation>0.005866065644262286 -0.0040354284710671373 0.0014999999999718572</Translation>
</Transform>
</Instance>
<Instance name="M4 Nut-1" uid="M4 Nut-1" entityUid="M4 Nut*:*Predeterminado">
<Transform>
<Rotation>-0.98418764729727548 0 -0.17712897816973308 0 1 0 0.17712897816973308 0 -0.98418764729727537</Rotation>
<Translation>0.005866065644262286 -0.012435428471067156 0.0014999999999718017</Translation>
</Transform>
</Instance>
</Instance>
<Instance name="Brass insert M3-11" visible="false" uid="Brass insert M3-11" entityUid="Brass insert M3*:*Predeterminado">
<Transform>
<Rotation>2.9577035265404561e-16 -1 -3.8221223908028708e-16 0.7911318569759489 0 0.61164563668662497 -0.61164563668662497 -4.8328692412463416e-16 0.7911318569759489</Rotation>
<Translation>0.067471078891848613 0.031770164321293204 0.013897621421102874</Translation>
</Transform>
</Instance>
<Instance name="Pulley 8mm IGNIS-1" uid="Pulley 8mm IGNIS-1" entityUid="Pulley 8mm IGNIS*:*Predeterminado">
<Transform>
<Rotation>0 1 0 -0.55934192931445681 0 0.82893703386371942 0.82893703386371942 0 0.55934192931445681</Rotation>
<Translation>0.023121078891848779 -0.081279835678707113 0.033383193006252837</Translation>
</Transform>
</Instance>
<Instance name="Brass insert M3-9" visible="false" uid="Brass insert M3-9" entityUid="Brass insert M3*:*Predeterminado">
<Transform>
<Rotation>0 1 4.8312048805954058e-16 -1 0 4.8334354533154437e-16 4.8334354533154437e-16 -4.8312048805954058e-16 1</Rotation>
<Translation>-0.076528921108151238 0.031770164321292871 0.052868764591402689</Translation>
</Transform>
</Instance>
<Instance name="M5x15-5" uid="M5x15-5" entityUid="M5x15*:*Predeterminado">
<Transform>
<Rotation>0 1.0000000000000002 0 0.38184931868659239 0 -0.92422459273630309 -0.9242245927363032 0 -0.38184931868659244</Rotation>
<Translation>-0.070878921108151249 -0.057729835678707153 0.0098331930062527662</Translation>
</Transform>
</Instance>
<Instance name="M5x15-6" uid="M5x15-6" entityUid="M5x15*:*Predeterminado">
<Transform>
<Rotation>0 1.0000000000000002 0 0.38184931868659239 0 -0.92422459273630309 -0.9242245927363032 0 -0.38184931868659244</Rotation>
<Translation>-0.070878921108151249 -0.10482983567870713 0.0098331930062527662</Translation>
</Transform>
</Instance>
<Instance name="M5x15-2" uid="M5x15-2" entityUid="M5x15*:*Predeterminado">
<Transform>
<Rotation>0 -1 0 1 0 0 0 0 1</Rotation>
<Translation>0.061821078891848791 -0.057729835678707153 0.0098331930062527662</Translation>
</Transform>
</Instance>
<Instance name="M5x15-4" uid="M5x15-4" entityUid="M5x15*:*Predeterminado">
<Transform>
<Rotation>0 -1 0 1 0 0 0 0 1</Rotation>
<Translation>0.061821078891848791 -0.10482983567870713 0.0098331930062527662</Translation>
</Transform>
</Instance>
<Instance name="Nema 23-2" uid="Nema 23-2" entityUid="Nema 23*:*Predeterminado">
<Transform>
<Rotation>0 0 1 1.6653345369377336e-16 1 0 -1 1.6653345369377336e-16 0</Rotation>
<Translation>-0.061778921108151308 -0.081279835678707113 0.033383193006252782</Translation>
</Transform>
</Instance>
<Instance name="M5x15-1" uid="M5x15-1" entityUid="M5x15*:*Predeterminado">
<Transform>
<Rotation>0 -1 0 1 0 0 0 0 1</Rotation>
<Translation>0.061821078891848791 -0.057729835678707153 0.056933193006252797</Translation>
</Transform>
</Instance>
<Instance name="M5x15-3" uid="M5x15-3" entityUid="M5x15*:*Predeterminado">
<Transform>
<Rotation>0 -1 0 1 0 0 0 0 1</Rotation>
<Translation>0.061821078891848791 -0.10482983567870713 0.056933193006252797</Translation>
</Transform>
</Instance>
<Instance name="M5x15-7" uid="M5x15-7" entityUid="M5x15*:*Predeterminado">
<Transform>
<Rotation>0 1.0000000000000002 0 0.38184931868659239 0 -0.92422459273630309 -0.9242245927363032 0 -0.38184931868659244</Rotation>
<Translation>-0.070878921108151305 -0.057729835678707153 0.056933193006252797</Translation>
</Transform>
</Instance>
<Instance name="M5x15-8" uid="M5x15-8" entityUid="M5x15*:*Predeterminado">
<Transform>
<Rotation>0 1.0000000000000002 0 0.38184931868659239 0 -0.92422459273630309 -0.9242245927363032 0 -0.38184931868659244</Rotation>
<Translation>-0.070878921108151305 -0.10482983567870718 0.056933193006252797</Translation>
</Transform>
</Instance>
<Instance name="8mm Bearing-2" uid="8mm Bearing-2" entityUid="8mm Bearing*:*Default">
<Transform>
<Rotation>1 0 0 0 -0.058357903440457874 -0.99829572527685106 0 0.99829572527685106 -0.058357903440457874</Rotation>
<Translation>-0.064528921108151227 0.020520164321292889 0.033383193006252837</Translation>
</Transform>
</Instance>
<Instance name="8mm Bearing-1" uid="8mm Bearing-1" entityUid="8mm Bearing*:*Default">
<Transform>
<Rotation>1 0 0 0 -0.058357903440457874 -0.99829572527685106 0 0.99829572527685106 -0.058357903440457874</Rotation>
<Translation>0.062471078891848775 0.020520164321292889 0.033383193006252782</Translation>
</Transform>
</Instance>
<Instance name="Tensor I-2" uid="Tensor I-2" entityUid="Tensor I" rigid="true">
<Transform>
<Rotation>0 1 4.4013392153560024e-16 -0.13316797259623894 4.4406818774825218e-16 -0.99109348251040741 -0.99109348251040741 0 0.13316797259623894</Rotation>
<Translation>0.030432555854122023 -0.049463326011360387 0.052434230627304318</Translation>
</Transform>
<Instance name="M4 Nut-1" uid="M4 Nut-1" entityUid="M4 Nut*:*Predeterminado">
<Transform>
<Rotation>1 0 0 0 1 0 0 0 1</Rotation>
<Translation>0.0014378764746147965 0.010188523037726882 0.0014999999999718017</Translation>
</Transform>
</Instance>
<Instance name="M4x20-1" uid="M4x20-1" entityUid="M4x20*:*Predeterminado">
<Transform>
<Rotation>-0.83716910433122238 0 -0.54694413860398861 0 -1 0 -0.54694413860398861 0 0.83716910433122216</Rotation>
<Translation>0.0014378764746147965 -0.0078114769622731339 0.0014999999999718017</Translation>
</Transform>
</Instance>
<Instance name="T2M1BI-1" uid="T2M1BI-1" grounded="true" entityUid="T2M1BI*:*Predeterminado">
<Transform>
<Rotation>1 0 0 0 1 0 0 0 1</Rotation>
<Translation>-0.020239194465346999 -0.0098114769622730802 0.041499999999971782</Translation>
</Transform>
</Instance>
<Instance name="M3 Nut-1" uid="M3 Nut-1" entityUid="M3 Nut*:*Predeterminado">
<Transform>
<Rotation>1 0 0 0 1 0 0 0 1</Rotation>
<Translation>0.0035073370810639326 -0.0094114769622730132 0.031499999999971773</Translation>
</Transform>
</Instance>
<Instance name="Bearing 4Bore 13Ext 5-2" uid="Bearing 4Bore 13Ext 5-2" entityUid="Bearing 4Bore 13Ext 5*:*Predeterminado">
